# Representable integers below 582 with one witness representation
0: []
3: [3]
4: [4]
7: [3, 4]
9: [9]
10: [3, 7]
11: [4, 7]
12: [3, 9]
13: [4, 9]
14: [3, 4, 7]
16: [3, 4, 9]
19: [3, 7, 9]
20: [4, 7, 9]
23: [3, 4, 7, 9]
25: [9, 16]
26: [3, 7, 16]
27: [4, 7, 16]
28: [3, 9, 16]
29: [4, 9, 16]
30: [3, 4, 7, 16]
31: [4, 27]
32: [3, 4, 9, 16]
34: [3, 4, 27]
35: [3, 7, 9, 16]
36: [4, 7, 9, 16]
37: [3, 7, 27]
38: [4, 7, 27]
39: [3, 4, 7, 9, 16]
40: [4, 9, 27]
41: [3, 4, 7, 27]
43: [3, 4, 9, 27]
46: [3, 7, 9, 27]
47: [4, 7, 9, 27]
49: [49]
50: [3, 4, 7, 9, 27]
52: [9, 16, 27]
53: [3, 7, 16, 27]
54: [4, 7, 16, 27]
55: [3, 9, 16, 27]
56: [4, 9, 16, 27]
57: [3, 4, 7, 16, 27]
58: [9, 49]
59: [3, 4, 9, 16, 27]
60: [4, 7, 49]
61: [3, 9, 49]
62: [3, 7, 9, 16, 27]
63: [4, 7, 9, 16, 27]
64: [64]
65: [3, 4, 9, 49]
66: [3, 4, 7, 9, 16, 27]
67: [3, 64]
68: [3, 7, 9, 49]
69: [4, 7, 9, 49]
71: [3, 4, 64]
72: [3, 4, 7, 9, 49]
73: [9, 64]
74: [9, 16, 49]
75: [3, 7, 16, 49]
76: [4, 7, 16, 49]
77: [3, 9, 16, 49]
78: [4, 9, 16, 49]
79: [3, 4, 7, 16, 49]
80: [4, 27, 49]
81: [3, 4, 9, 16, 49]
83: [3, 4, 27, 49]
84: [3, 7, 9, 16, 49]
85: [4, 7, 9, 16, 49]
86: [3, 7, 27, 49]
87: [4, 7, 27, 49]
88: [3, 4, 7, 9, 16, 49]
89: [4, 9, 27, 49]
90: [3, 4, 7, 27, 49]
91: [4, 7, 16, 64]
92: [3, 4, 9, 27, 49]
93: [4, 9, 16, 64]
94: [3, 4, 7, 16, 64]
95: [3, 7, 9, 27, 49]
96: [4, 7, 9, 27, 49]
97: [3, 4, 9, 81]
98: [3, 4, 27, 64]
99: [3, 4, 7, 9, 27, 49]
100: [4, 7, 9, 16, 64]
101: [9, 16, 27, 49]
102: [3, 7, 16, 27, 49]
103: [4, 7, 16, 27, 49]
104: [3, 9, 16, 27, 49]
105: [4, 9, 16, 27, 49]
106: [3, 4, 7, 16, 27, 49]
107: [3, 4, 9, 27, 64]
108: [3, 4, 9, 16, 27, 49]
109: [3, 9, 16, 81]
110: [3, 7, 9, 27, 64]
111: [3, 7, 9, 16, 27, 49]
112: [4, 7, 9, 16, 27, 49]
113: [49, 64]
114: [3, 4, 7, 9, 27, 64]
115: [3, 4, 7, 9, 16, 27, 49]
116: [9, 16, 27, 64]
117: [3, 7, 16, 27, 64]
118: [4, 7, 16, 27, 64]
119: [3, 9, 16, 27, 64]
120: [4, 9, 16, 27, 64]
121: [3, 4, 7, 16, 27, 64]
122: [9, 49, 64]
123: [3, 4, 9, 16, 27, 64]
124: [4, 7, 49, 64]
125: [3, 9, 49, 64]
126: [3, 7, 9, 16, 27, 64]
127: [4, 7, 9, 16, 27, 64]
128: [4, 7, 9, 27, 81]
129: [3, 4, 9, 49, 64]
130: [3, 4, 7, 9, 16, 27, 64]
131: [3, 4, 7, 9, 27, 81]
132: [3, 7, 9, 49, 64]
133: [4, 7, 9, 49, 64]
134: [3, 7, 16, 27, 81]
135: [4, 7, 16, 27, 81]
136: [3, 4, 7, 9, 49, 64]
137: [4, 9, 16, 27, 81]
138: [9, 16, 49, 64]
139: [3, 7, 16, 49, 64]
140: [4, 7, 16, 49, 64]
141: [3, 9, 16, 49, 64]
142: [4, 9, 16, 49, 64]
143: [3, 4, 7, 16, 49, 64]
144: [4, 27, 49, 64]
145: [3, 4, 9, 16, 49, 64]
146: [3, 4, 9, 49, 81]
147: [3, 4, 27, 49, 64]
148: [3, 7, 9, 16, 49, 64]
149: [4, 7, 9, 16, 49, 64]
150: [3, 7, 27, 49, 64]
151: [4, 7, 27, 49, 64]
152: [3, 4, 7, 9, 16, 49, 64]
153: [4, 9, 27, 49, 64]
154: [3, 4, 7, 27, 49, 64]
155: [9, 16, 49, 81]
156: [3, 4, 9, 27, 49, 64]
157: [4, 7, 16, 49, 81]
158: [3, 9, 16, 49, 81]
159: [3, 7, 9, 27, 49, 64]
160: [4, 7, 9, 27, 49, 64]
161: [4, 27, 49, 81]
162: [3, 4, 9, 16, 49, 81]
163: [3, 4, 7, 9, 27, 49, 64]
164: [3, 4, 27, 49, 81]
165: [9, 16, 27, 49, 64]
166: [3, 7, 16, 27, 49, 64]
167: [4, 7, 16, 27, 49, 64]
168: [3, 9, 16, 27, 49, 64]
169: [4, 9, 16, 27, 49, 64]
170: [3, 4, 7, 16, 27, 49, 64]
171: [3, 4, 7, 27, 49, 81]
172: [3, 4, 9, 16, 27, 49, 64]
173: [3, 4, 9, 27, 49, 81]
174: [4, 9, 16, 64, 81]
175: [3, 7, 9, 16, 27, 49, 64]
176: [4, 7, 9, 16, 27, 49, 64]
177: [4, 7, 9, 27, 49, 81]
179: [3, 4, 7, 9, 16, 27, 49, 64]
180: [3, 4, 7, 9, 27, 49, 81]
181: [4, 7, 9, 16, 64, 81]
182: [9, 16, 27, 49, 81]
183: [3, 7, 16, 27, 49, 81]
184: [4, 7, 16, 27, 49, 81]
185: [3, 9, 16, 27, 49, 81]
186: [4, 9, 16, 27, 49, 81]
187: [3, 4, 7, 16, 27, 49, 81]
188: [3, 4, 9, 27, 64, 81]
189: [3, 4, 9, 16, 27, 49, 81]
191: [3, 7, 9, 27, 64, 81]
192: [3, 7, 9, 16, 27, 49, 81]
193: [4, 7, 9, 16, 27, 49, 81]
194: [49, 64, 81]
195: [3, 4, 7, 9, 27, 64, 81]
196: [3, 4, 7, 9, 16, 27, 49, 81]
197: [9, 16, 27, 64, 81]
198: [3, 7, 16, 27, 64, 81]
199: [4, 7, 16, 27, 64, 81]
200: [3, 9, 16, 27, 64, 81]
201: [4, 9, 16, 27, 64, 81]
202: [3, 4, 7, 16, 27, 64, 81]
203: [9, 49, 64, 81]
204: [3, 4, 9, 16, 27, 64, 81]
205: [4, 7, 49, 64, 81]
206: [3, 9, 49, 64, 81]
207: [3, 7, 9, 16, 27, 64, 81]
208: [4, 7, 9, 16, 27, 64, 81]
210: [3, 4, 9, 49, 64, 81]
211: [3, 4, 7, 9, 16, 27, 64, 81]
213: [3, 7, 9, 49, 64, 81]
214: [4, 7, 9, 49, 64, 81]
217: [3, 4, 7, 9, 49, 64, 81]
219: [9, 16, 49, 64, 81]
220: [3, 7, 16, 49, 64, 81]
221: [4, 7, 16, 49, 64, 81]
222: [3, 9, 16, 49, 64, 81]
223: [4, 9, 16, 49, 64, 81]
224: [3, 4, 7, 16, 49, 64, 81]
225: [4, 27, 49, 64, 81]
226: [3, 4, 9, 16, 49, 64, 81]
228: [3, 4, 27, 49, 64, 81]
229: [3, 7, 9, 16, 49, 64, 81]
230: [4, 7, 9, 16, 49, 64, 81]
231: [3, 7, 27, 49, 64, 81]
232: [4, 7, 27, 49, 64, 81]
233: [3, 4, 7, 9, 16, 49, 64, 81]
234: [4, 9, 27, 49, 64, 81]
235: [3, 4, 7, 27, 49, 64, 81]
237: [3, 4, 9, 27, 49, 64, 81]
240: [3, 7, 9, 27, 49, 64, 81]
241: [4, 7, 9, 27, 49, 64, 81]
243: [243]
244: [3, 4, 7, 9, 27, 49, 64, 81]
246: [9, 16, 27, 49, 64, 81]
247: [3, 7, 16, 27, 49, 64, 81]
248: [4, 7, 16, 27, 49, 64, 81]
249: [3, 9, 16, 27, 49, 64, 81]
250: [4, 9, 16, 27, 49, 64, 81]
251: [3, 4, 7, 16, 27, 49, 64, 81]
252: [9, 243]
253: [3, 4, 9, 16, 27, 49, 64, 81]
254: [4, 7, 243]
255: [3, 9, 243]
256: [3, 7, 9, 16, 27, 49, 64, 81]
257: [4, 7, 9, 16, 27, 49, 64, 81]
259: [3, 4, 9, 243]
260: [3, 4, 7, 9, 16, 27, 49, 64, 81]
262: [3, 7, 9, 243]
263: [4, 7, 9, 243]
265: [9, 256]
266: [3, 4, 7, 9, 243]
267: [4, 7, 256]
268: [9, 16, 243]
269: [3, 7, 16, 243]
270: [4, 7, 16, 243]
271: [3, 9, 16, 243]
272: [4, 9, 16, 243]
273: [3, 4, 7, 16, 243]
274: [4, 27, 243]
275: [3, 4, 9, 16, 243]
276: [4, 7, 9, 256]
277: [3, 4, 27, 243]
278: [3, 7, 9, 16, 243]
279: [4, 7, 9, 16, 243]
280: [3, 7, 27, 243]
281: [4, 7, 27, 243]
282: [3, 4, 7, 9, 16, 243]
283: [4, 9, 27, 243]
284: [3, 4, 7, 27, 243]
285: [4, 9, 16, 256]
286: [3, 4, 9, 27, 243]
287: [4, 27, 256]
288: [3, 4, 9, 16, 256]
289: [3, 7, 9, 27, 243]
290: [4, 7, 9, 27, 243]
291: [3, 7, 9, 16, 256]
292: [49, 243]
293: [3, 4, 7, 9, 27, 243]
294: [4, 7, 27, 256]
295: [9, 16, 27, 243]
296: [3, 7, 16, 27, 243]
297: [4, 7, 16, 27, 243]
298: [3, 9, 16, 27, 243]
299: [4, 9, 16, 27, 243]
300: [3, 4, 7, 16, 27, 243]
301: [9, 49, 243]
302: [3, 4, 9, 16, 27, 243]
303: [4, 7, 49, 243]
304: [3, 9, 49, 243]
305: [3, 7, 9, 16, 27, 243]
306: [4, 7, 9, 16, 27, 243]
307: [64, 243]
308: [3, 4, 9, 49, 243]
309: [3, 4, 7, 9, 16, 27, 243]
310: [3, 64, 243]
311: [3, 7, 9, 49, 243]
312: [4, 7, 9, 49, 243]
313: [3, 4, 7, 16, 27, 256]
314: [3, 4, 64, 243]
315: [3, 4, 7, 9, 49, 243]
316: [9, 64, 243]
317: [9, 16, 49, 243]
318: [3, 7, 16, 49, 243]
319: [4, 7, 16, 49, 243]
320: [3, 9, 16, 49, 243]
321: [4, 9, 16, 49, 243]
322: [3, 4, 7, 16, 49, 243]
323: [4, 27, 49, 243]
324: [3, 4, 9, 16, 49, 243]
325: [4, 7, 9, 49, 256]
326: [3, 4, 27, 49, 243]
327: [3, 7, 9, 16, 49, 243]
328: [4, 7, 9, 16, 49, 243]
329: [3, 7, 27, 49, 243]
330: [4, 7, 27, 49, 243]
331: [3, 4, 7, 9, 16, 49, 243]
332: [4, 9, 27, 49, 243]
333: [3, 4, 7, 27, 49, 243]
334: [4, 7, 16, 64, 243]
335: [3, 4, 9, 27, 49, 243]
336: [4, 9, 16, 64, 243]
337: [3, 4, 7, 16, 64, 243]
338: [3, 7, 9, 27, 49, 243]
339: [4, 7, 9, 27, 49, 243]
340: [3, 4, 9, 81, 243]
341: [3, 4, 27, 64, 243]
342: [3, 4, 7, 9, 27, 49, 243]
343: [4, 7, 9, 16, 64, 243]
344: [9, 16, 27, 49, 243]
345: [3, 7, 16, 27, 49, 243]
346: [4, 7, 16, 27, 49, 243]
347: [3, 9, 16, 27, 49, 243]
348: [4, 9, 16, 27, 49, 243]
349: [3, 4, 7, 16, 27, 49, 243]
350: [3, 4, 9, 27, 64, 243]
351: [3, 4, 9, 16, 27, 49, 243]
352: [3, 9, 16, 81, 243]
353: [3, 7, 9, 27, 64, 243]
354: [3, 7, 9, 16, 27, 49, 243]
355: [4, 7, 9, 16, 27, 49, 243]
356: [49, 64, 243]
357: [3, 4, 7, 9, 27, 64, 243]
358: [3, 4, 7, 9, 16, 27, 49, 243]
359: [9, 16, 27, 64, 243]
360: [3, 7, 16, 27, 64, 243]
361: [4, 7, 16, 27, 64, 243]
362: [3, 9, 16, 27, 64, 243]
363: [4, 9, 16, 27, 64, 243]
364: [3, 4, 7, 16, 27, 64, 243]
365: [9, 49, 64, 243]
366: [3, 4, 9, 16, 27, 64, 243]
367: [4, 7, 49, 64, 243]
368: [3, 9, 49, 64, 243]
369: [3, 7, 9, 16, 27, 64, 243]
370: [4, 7, 9, 16, 27, 64, 243]
371: [4, 7, 9, 27, 81, 243]
372: [3, 4, 9, 49, 64, 243]
373: [3, 4, 7, 9, 16, 27, 64, 243]
374: [3, 4, 7, 9, 27, 81, 243]
375: [3, 7, 9, 49, 64, 243]
376: [4, 7, 9, 49, 64, 243]
377: [3, 7, 16, 27, 81, 243]
378: [4, 7, 16, 27, 81, 243]
379: [3, 4, 7, 9, 49, 64, 243]
380: [4, 9, 16, 27, 81, 243]
381: [9, 16, 49, 64, 243]
382: [3, 7, 16, 49, 64, 243]
383: [4, 7, 16, 49, 64, 243]
384: [3, 9, 16, 49, 64, 243]
385: [4, 9, 16, 49, 64, 243]
386: [3, 4, 7, 16, 49, 64, 243]
387: [4, 27, 49, 64, 243]
388: [3, 4, 9, 16, 49, 64, 243]
389: [3, 4, 9, 49, 81, 243]
390: [3, 4, 27, 49, 64, 243]
391: [3, 7, 9, 16, 49, 64, 243]
392: [4, 7, 9, 16, 49, 64, 243]
393: [3, 7, 27, 49, 64, 243]
394: [4, 7, 27, 49, 64, 243]
395: [3, 4, 7, 9, 16, 49, 64, 243]
396: [4, 9, 27, 49, 64, 243]
397: [3, 4, 7, 27, 49, 64, 243]
398: [9, 16, 49, 81, 243]
399: [3, 4, 9, 27, 49, 64, 243]
400: [4, 7, 16, 49, 81, 243]
401: [3, 9, 16, 49, 81, 243]
402: [3, 7, 9, 27, 49, 64, 243]
403: [4, 7, 9, 27, 49, 64, 243]
404: [4, 27, 49, 81, 243]
405: [3, 4, 9, 16, 49, 81, 243]
406: [3, 4, 7, 9, 27, 49, 64, 243]
407: [3, 4, 27, 49, 81, 243]
408: [9, 16, 27, 49, 64, 243]
409: [3, 7, 16, 27, 49, 64, 243]
410: [4, 7, 16, 27, 49, 64, 243]
411: [3, 9, 16, 27, 49, 64, 243]
412: [4, 9, 16, 27, 49, 64, 243]
413: [3, 4, 7, 16, 27, 49, 64, 243]
414: [3, 4, 7, 27, 49, 81, 243]
415: [3, 4, 9, 16, 27, 49, 64, 243]
416: [3, 4, 9, 27, 49, 81, 243]
417: [4, 9, 16, 64, 81, 243]
418: [3, 7, 9, 16, 27, 49, 64, 243]
419: [4, 7, 9, 16, 27, 49, 64, 243]
420: [4, 7, 9, 27, 49, 81, 243]
421: [9, 16, 27, 49, 64, 256]
422: [3, 4, 7, 9, 16, 27, 49, 64, 243]
423: [3, 4, 7, 9, 27, 49, 81, 243]
424: [4, 7, 9, 16, 64, 81, 243]
425: [9, 16, 27, 49, 81, 243]
426: [3, 7, 16, 27, 49, 81, 243]
427: [4, 7, 16, 27, 49, 81, 243]
428: [3, 9, 16, 27, 49, 81, 243]
429: [4, 9, 16, 27, 49, 81, 243]
430: [3, 4, 7, 16, 27, 49, 81, 243]
431: [3, 4, 9, 27, 64, 81, 243]
432: [3, 4, 9, 16, 27, 49, 81, 243]
433: [4, 7, 9, 27, 49, 81, 256]
434: [3, 7, 9, 27, 64, 81, 243]
435: [3, 7, 9, 16, 27, 49, 81, 243]
436: [4, 7, 9, 16, 27, 49, 81, 243]
437: [49, 64, 81, 243]
438: [3, 4, 7, 9, 27, 64, 81, 243]
439: [3, 4, 7, 9, 16, 27, 49, 81, 243]
440: [9, 16, 27, 64, 81, 243]
441: [3, 7, 16, 27, 64, 81, 243]
442: [4, 7, 16, 27, 64, 81, 243]
443: [3, 9, 16, 27, 64, 81, 243]
444: [4, 9, 16, 27, 64, 81, 243]
445: [3, 4, 7, 16, 27, 64, 81, 243]
446: [9, 49, 64, 81, 243]
447: [3, 4, 9, 16, 27, 64, 81, 243]
448: [4, 7, 49, 64, 81, 243]
449: [3, 9, 49, 64, 81, 243]
450: [3, 7, 9, 16, 27, 64, 81, 243]
451: [4, 7, 9, 16, 27, 64, 81, 243]
452: [3, 4, 7, 9, 16, 27, 49, 81, 256]
453: [3, 4, 9, 49, 64, 81, 243]
454: [3, 4, 7, 9, 16, 27, 64, 81, 243]
455: [4, 7, 16, 27, 64, 81, 256]
456: [3, 7, 9, 49, 64, 81, 243]
457: [4, 7, 9, 49, 64, 81, 243]
458: [3, 4, 7, 16, 27, 64, 81, 256]
459: [9, 49, 64, 81, 256]
460: [3, 4, 7, 9, 49, 64, 81, 243]
461: [4, 7, 49, 64, 81, 256]
462: [9, 16, 49, 64, 81, 243]
463: [3, 7, 16, 49, 64, 81, 243]
464: [4, 7, 16, 49, 64, 81, 243]
465: [3, 9, 16, 49, 64, 81, 243]
466: [4, 9, 16, 49, 64, 81, 243]
467: [3, 4, 7, 16, 49, 64, 81, 243]
468: [4, 27, 49, 64, 81, 243]
469: [3, 4, 9, 16, 49, 64, 81, 243]
470: [4, 7, 9, 49, 64, 81, 256]
471: [3, 4, 27, 49, 64, 81, 243]
472: [3, 7, 9, 16, 49, 64, 81, 243]
473: [4, 7, 9, 16, 49, 64, 81, 243]
474: [3, 7, 27, 49, 64, 81, 243]
475: [4, 7, 27, 49, 64, 81, 243]
476: [3, 4, 7, 9, 16, 49, 64, 81, 243]
477: [4, 9, 27, 49, 64, 81, 243]
478: [3, 4, 7, 27, 49, 64, 81, 243]
479: [4, 9, 16, 49, 64, 81, 256]
480: [3, 4, 9, 27, 49, 64, 81, 243]
481: [4, 27, 49, 64, 81, 256]
482: [3, 4, 9, 16, 49, 64, 81, 256]
483: [3, 7, 9, 27, 49, 64, 81, 243]
484: [4, 7, 9, 27, 49, 64, 81, 243]
485: [3, 7, 9, 16, 49, 64, 81, 256]
486: [4, 7, 9, 16, 49, 64, 81, 256]
487: [3, 4, 7, 9, 27, 49, 64, 81, 243]
488: [4, 7, 27, 49, 64, 81, 256]
489: [9, 16, 27, 49, 64, 81, 243]
490: [3, 7, 16, 27, 49, 64, 81, 243]
491: [4, 7, 16, 27, 49, 64, 81, 243]
492: [3, 9, 16, 27, 49, 64, 81, 243]
493: [4, 9, 16, 27, 49, 64, 81, 243]
494: [3, 4, 7, 16, 27, 49, 64, 81, 243]
495: [3, 4, 7, 9, 16, 49, 64, 343]
496: [3, 4, 9, 16, 27, 49, 64, 81, 243]
497: [4, 7, 9, 27, 49, 64, 81, 256]
498: [9, 16, 49, 81, 343]
499: [3, 7, 9, 16, 27, 49, 64, 81, 243]
500: [4, 7, 9, 16, 27, 49, 64, 81, 243]
501: [3, 9, 16, 49, 81, 343]
502: [9, 16, 27, 49, 64, 81, 256]
503: [3, 4, 7, 9, 16, 27, 49, 64, 81, 243]
504: [4, 7, 16, 27, 49, 64, 81, 256]
505: [3, 9, 16, 27, 49, 64, 81, 256]
506: [4, 9, 16, 27, 49, 64, 81, 256]
507: [3, 4, 7, 16, 27, 49, 64, 81, 256]
508: [9, 243, 256]
509: [3, 4, 9, 16, 27, 49, 64, 81, 256]
510: [4, 7, 243, 256]
511: [3, 9, 243, 256]
512: [3, 7, 9, 16, 27, 49, 64, 81, 256]
513: [4, 7, 9, 16, 27, 49, 64, 81, 256]
514: [3, 4, 7, 27, 49, 81, 343]
515: [3, 4, 9, 243, 256]
516: [3, 4, 7, 9, 16, 27, 49, 64, 81, 256]
517: [4, 9, 16, 64, 81, 343]
518: [3, 7, 9, 243, 256]
519: [4, 7, 9, 243, 256]
520: [4, 7, 9, 27, 49, 81, 343]
522: [3, 4, 7, 9, 243, 256]
523: [3, 4, 7, 9, 27, 49, 81, 343]
524: [9, 16, 243, 256]
525: [3, 7, 16, 243, 256]
526: [4, 7, 16, 243, 256]
527: [3, 9, 16, 243, 256]
528: [4, 9, 16, 243, 256]
529: [3, 4, 7, 16, 243, 256]
530: [4, 27, 243, 256]
531: [3, 4, 9, 16, 243, 256]
532: [3, 4, 9, 16, 27, 49, 81, 343]
533: [3, 4, 27, 243, 256]
534: [3, 7, 9, 16, 243, 256]
535: [4, 7, 9, 16, 243, 256]
536: [3, 7, 27, 243, 256]
537: [4, 7, 27, 243, 256]
538: [3, 4, 7, 9, 16, 243, 256]
539: [4, 9, 27, 243, 256]
540: [3, 4, 7, 27, 243, 256]
541: [3, 7, 16, 27, 64, 81, 343]
542: [3, 4, 9, 27, 243, 256]
543: [3, 9, 16, 27, 64, 81, 343]
544: [4, 9, 16, 27, 64, 81, 343]
545: [3, 7, 9, 27, 243, 256]
546: [4, 7, 9, 27, 243, 256]
547: [3, 4, 9, 16, 27, 64, 81, 343]
548: [49, 243, 256]
549: [3, 4, 7, 9, 27, 243, 256]
550: [3, 7, 9, 16, 27, 64, 81, 343]
551: [9, 16, 27, 243, 256]
552: [3, 7, 16, 27, 243, 256]
553: [4, 7, 16, 27, 243, 256]
554: [3, 9, 16, 27, 243, 256]
555: [4, 9, 16, 27, 243, 256]
556: [3, 4, 7, 16, 27, 243, 256]
557: [9, 49, 243, 256]
558: [3, 4, 9, 16, 27, 243, 256]
559: [4, 7, 49, 243, 256]
560: [3, 9, 49, 243, 256]
561: [3, 7, 9, 16, 27, 243, 256]
562: [4, 7, 9, 16, 27, 243, 256]
563: [64, 243, 256]
564: [3, 4, 9, 49, 243, 256]
565: [3, 4, 7, 9, 16, 27, 243, 256]
566: [3, 64, 243, 256]
567: [3, 7, 9, 49, 243, 256]
568: [4, 7, 9, 49, 243, 256]
569: [3, 4, 9, 16, 49, 64, 81, 343]
570: [3, 4, 64, 243, 256]
571: [3, 4, 7, 9, 49, 243, 256]
572: [9, 64, 243, 256]
573: [9, 16, 49, 243, 256]
574: [3, 7, 16, 49, 243, 256]
575: [4, 7, 16, 49, 243, 256]
576: [3, 9, 16, 49, 243, 256]
577: [4, 9, 16, 49, 243, 256]
578: [3, 4, 7, 16, 49, 243, 256]
579: [4, 27, 49, 243, 256]
580: [3, 4, 9, 16, 49, 243, 256]
